1.328799605369567871e+00 -1.178564190864562988e+00 -1.031021118164062500e+00 -8.064994215965270996e-01 -1.064824461936950684e+00 -6.737720966339111328e-01 -2.463201433420181274e-01 -1.682924181222915649e-01 -1.125919818878173828e+00 -1.128559947013854980e+00
-1.225926756858825684e+00 1.511650800704956055e+00 -6.173771619796752930e-01 -1.047765016555786133e+00 -9.927352070808410645e-01 -1.126719594001770020e+00 -1.176283001899719238e+00 -1.186096429824829102e+00 -1.047544002532958984e+00 -4.217138290405273438e-01
-9.211680293083190918e-01 -4.637589454650878906e-01 1.503019690513610840e+00 -4.580835103988647461e-01 -8.608399033546447754e-01 -8.949502110481262207e-01 -8.569634556770324707e-01 -9.637354016304016113e-01 -8.971810340881347656e-01 -2.189756929874420166e-01
-7.321834564208984375e-01 -1.124508857727050781e+00 -9.583688378334045410e-01 1.247779250144958496e+00 -1.126635074615478516e+00 -1.141224861145019531e+00 -6.859975457191467285e-01 -7.935225367546081543e-01 -1.119803667068481445e+00 -1.160509228706359863e+00
-1.487652540206909180e+00 -1.249928712844848633e+00 -1.575707435607910156e+00 -1.522522449493408203e+00 1.664727330207824707e+00 -1.078166723251342773e+00 -1.321189999580383301e+00 -1.387891769409179688e+00 -1.245953440666198730e+00 -1.523564338684082031e+00
-6.122164726257324219e-01 -1.149358153343200684e+00 -1.161750316619873047e+00 -1.082984089851379395e+00 -5.810724496841430664e-01 1.257057547569274902e+00 -8.860192894935607910e-01 -1.721996515989303589e-01 -8.264501094818115234e-01 -1.183189868927001953e+00
-4.053517878055572510e-01 -1.303959965705871582e+00 -1.345986962318420410e+00 -9.577088356018066406e-01 -1.112056493759155273e+00 -1.085240483283996582e+00 1.544694304466247559e+00 -5.942121148109436035e-01 -1.206918954849243164e+00 -1.331488966941833496e+00
-3.921453654766082764e-01 -1.288198471069335938e+00 -1.221701025962829590e+00 -9.655231833457946777e-01 -1.003081083297729492e+00 -3.388619720935821533e-01 -6.373682022094726562e-01 1.180430293083190918e+00 -1.196091413497924805e+00 -1.163035988807678223e+00
-1.464272499084472656e+00 -1.564286708831787109e+00 -1.425952434539794922e+00 -1.524250984191894531e+00 -1.005979657173156738e+00 -1.093660116195678711e+00 -1.531001687049865723e+00 -1.432851076126098633e+00 1.335049629211425781e+00 -1.598986029624938965e+00
-9.387598633766174316e-01 -1.393153667449951172e-01 -1.026778221130371094e-01 -7.306124567985534668e-01 -7.960192561149597168e-01 -9.530372619628906250e-01 -9.108327627182006836e-01 -9.514554738998413086e-01 -8.135268092155456543e-01 1.635366439819335938e+00
